export EDITOR='nvim'
export FZF_DEFAULT_COMMAND="fd --type file --color=always"
export FZF_DEFAULT_OPTS="--ansi"

export HOMEBREW_BOTTLE_DOMAIN="https://mirrors.tuna.tsinghua.edu.cn/homebrew-bottles"

HTTP_PROXY_SERVER=http://127.0.0.1:8888
SOCKS_PROXY_SERVER=socks5h://127.0.0.1:8889
export http_proxy=$HTTP_PROXY_SERVER
export https_proxy=$HTTP_PROXY_SERVER
export all_proxy=$SOCKS_PROXY_SERVER
export HTTP_PROXY=$http_proxy
export HTTPS_PROXY=$http_proxy
export ALL_PROXY=$all_proxy
#git config --global http.proxy $all_proxy

export LS_COLORS='cd=0;38;2;0;0;0;48;2;134;179;0:mi=0;38;2;0;0;0;48;2;237;102;106:pi=0;38;2;0;0;0;48;2;27;125;196:fi=0:*~=0;38;2;170;170;170:bd=0;38;2;0;0;0;48;2;237;102;106:so=0;38;2;0;0;0;48;2;240;113;113:no=0:or=0;38;2;0;0;0;48;2;237;102;106:ex=1;38;2;237;102;106:ln=0;38;2;240;113;113:di=0;38;2;27;125;196:*.r=0;38;2;49;136;102:*.h=0;38;2;49;136;102:*.a=1;38;2;237;102;106:*.t=0;38;2;49;136;102:*.d=0;38;2;49;136;102:*.o=0;38;2;170;170;170:*.z=4;38;2;134;179;0:*.m=0;38;2;49;136;102:*.p=0;38;2;49;136;102:*.c=0;38;2;49;136;102:*.pl=0;38;2;49;136;102:*.sh=0;38;2;49;136;102:*.pm=0;38;2;49;136;102:*.py=0;38;2;49;136;102:*css=0;38;2;49;136;102:*.el=0;38;2;49;136;102:*.bz=4;38;2;134;179;0:*.di=0;38;2;49;136;102:*.nb=0;38;2;49;136;102:*.js=0;38;2;49;136;102:*.hi=0;38;2;170;170;170:*.lo=0;38;2;170;170;170:*.cr=0;38;2;49;136;102:*.cc=0;38;2;49;136;102:*.la=0;38;2;170;170;170:*.rs=0;38;2;49;136;102:*.so=1;38;2;237;102;106:*.ko=1;38;2;237;102;106:*.td=0;38;2;49;136;102:*.jl=0;38;2;49;136;102:*.md=0;38;2;237;147;102:*.as=0;38;2;49;136;102:*.kt=0;38;2;49;136;102:*.fs=0;38;2;49;136;102:*.gz=4;38;2;134;179;0:*.pp=0;38;2;49;136;102:*.hs=0;38;2;49;136;102:*.cp=0;38;2;49;136;102:*.ml=0;38;2;49;136;102:*.rm=0;38;2;240;113;113:*.cs=0;38;2;49;136;102:*.7z=4;38;2;134;179;0:*.mn=0;38;2;49;136;102:*.ex=0;38;2;49;136;102:*.gv=0;38;2;49;136;102:*.xz=4;38;2;134;179;0:*.hh=0;38;2;49;136;102:*.bc=0;38;2;170;170;170:*.ps=0;38;2;237;102;106:*.vb=0;38;2;49;136;102:*.go=0;38;2;49;136;102:*.rb=0;38;2;49;136;102:*.ll=0;38;2;49;136;102:*.ts=0;38;2;49;136;102:*.ui=0;38;2;237;147;102:*.sty=0;38;2;170;170;170:*.fnt=0;38;2;240;113;113:*.toc=0;38;2;170;170;170:*.sxi=0;38;2;237;102;106:*.vcd=4;38;2;134;179;0:*.bib=0;38;2;237;147;102:*.h++=0;38;2;49;136;102:*.ltx=0;38;2;49;136;102:*.tgz=4;38;2;134;179;0:*.pod=0;38;2;49;136;102:*.exe=1;38;2;237;102;106:*.cfg=0;38;2;237;147;102:*.pdf=0;38;2;237;102;106:*.mp3=0;38;2;240;113;113:*.awk=0;38;2;49;136;102:*TODO=1:*.tbz=4;38;2;134;179;0:*.mov=0;38;2;240;113;113:*.log=0;38;2;170;170;170:*.epp=0;38;2;49;136;102:*.def=0;38;2;49;136;102:*.fsi=0;38;2;49;136;102:*.bmp=0;38;2;240;113;113:*.otf=0;38;2;240;113;113:*.wma=0;38;2;240;113;113:*.bat=1;38;2;237;102;106:*.ipp=0;38;2;49;136;102:*.xcf=0;38;2;240;113;113:*.bz2=4;38;2;134;179;0:*.kex=0;38;2;237;102;106:*.jar=4;38;2;134;179;0:*.vim=0;38;2;49;136;102:*.clj=0;38;2;49;136;102:*.svg=0;38;2;240;113;113:*.ppm=0;38;2;240;113;113:*.txt=0;38;2;237;147;102:*.avi=0;38;2;240;113;113:*.dox=0;38;2;154;232;69:*.ttf=0;38;2;240;113;113:*.m4v=0;38;2;240;113;113:*.dll=1;38;2;237;102;106:*.csx=0;38;2;49;136;102:*.mli=0;38;2;49;136;102:*.erl=0;38;2;49;136;102:*.gif=0;38;2;240;113;113:*.asa=0;38;2;49;136;102:*.tif=0;38;2;240;113;113:*.csv=0;38;2;237;147;102:*.bag=4;38;2;134;179;0:*.cpp=0;38;2;49;136;102:*.fon=0;38;2;240;113;113:*.bbl=0;38;2;170;170;170:*.vob=0;38;2;240;113;113:*.fsx=0;38;2;49;136;102:*.blg=0;38;2;170;170;170:*.ini=0;38;2;237;147;102:*.zsh=0;38;2;49;136;102:*.zip=4;38;2;134;179;0:*.arj=4;38;2;134;179;0:*.bin=4;38;2;134;179;0:*.tmp=0;38;2;170;170;170:*.ps1=0;38;2;49;136;102:*.ilg=0;38;2;170;170;170:*.ogg=0;38;2;240;113;113:*.mpg=0;38;2;240;113;113:*.rst=0;38;2;237;147;102:*.elm=0;38;2;49;136;102:*.wmv=0;38;2;240;113;113:*.gvy=0;38;2;49;136;102:*hgrc=0;38;2;154;232;69:*.nix=0;38;2;237;147;102:*.xmp=0;38;2;237;147;102:*.yml=0;38;2;237;147;102:*.pro=0;38;2;154;232;69:*.sxw=0;38;2;237;102;106:*.com=1;38;2;237;102;106:*.tcl=0;38;2;49;136;102:*.deb=4;38;2;134;179;0:*.out=0;38;2;170;170;170:*.rtf=0;38;2;237;102;106:*.mp4=0;38;2;240;113;113:*.doc=0;38;2;237;102;106:*.hpp=0;38;2;49;136;102:*.bak=0;38;2;170;170;170:*.mir=0;38;2;49;136;102:*.tsx=0;38;2;49;136;102:*.pgm=0;38;2;240;113;113:*.flv=0;38;2;240;113;113:*.iso=4;38;2;134;179;0:*.odt=0;38;2;237;102;106:*.rar=4;38;2;134;179;0:*.idx=0;38;2;170;170;170:*.exs=0;38;2;49;136;102:*.xls=0;38;2;237;102;106:*.git=0;38;2;170;170;170:*.sbt=0;38;2;49;136;102:*.aif=0;38;2;240;113;113:*.mkv=0;38;2;240;113;113:*.png=0;38;2;240;113;113:*.mid=0;38;2;240;113;113:*.ppt=0;38;2;237;102;106:*.cgi=0;38;2;49;136;102:*.tml=0;38;2;237;147;102:*.pps=0;38;2;237;102;106:*.dot=0;38;2;49;136;102:*.pid=0;38;2;170;170;170:*.sql=0;38;2;49;136;102:*.tex=0;38;2;49;136;102:*.bcf=0;38;2;170;170;170:*.pkg=4;38;2;134;179;0:*.c++=0;38;2;49;136;102:*.tar=4;38;2;134;179;0:*.odp=0;38;2;237;102;106:*.php=0;38;2;49;136;102:*.lua=0;38;2;49;136;102:*.xlr=0;38;2;237;102;106:*.apk=4;38;2;134;179;0:*.ics=0;38;2;237;102;106:*.bst=0;38;2;237;147;102:*.img=4;38;2;134;179;0:*.inc=0;38;2;49;136;102:*.ods=0;38;2;237;102;106:*.ico=0;38;2;240;113;113:*.wav=0;38;2;240;113;113:*.htc=0;38;2;49;136;102:*.jpg=0;38;2;240;113;113:*.dpr=0;38;2;49;136;102:*.hxx=0;38;2;49;136;102:*.swf=0;38;2;240;113;113:*.inl=0;38;2;49;136;102:*.ind=0;38;2;170;170;170:*.rpm=4;38;2;134;179;0:*.swp=0;38;2;170;170;170:*.xml=0;38;2;237;147;102:*.bsh=0;38;2;49;136;102:*.cxx=0;38;2;49;136;102:*.pyc=0;38;2;170;170;170:*.pbm=0;38;2;240;113;113:*.htm=0;38;2;237;147;102:*.kts=0;38;2;49;136;102:*.pas=0;38;2;49;136;102:*.dmg=4;38;2;134;179;0:*.aux=0;38;2;170;170;170:*.fls=0;38;2;170;170;170:*.psm1=0;38;2;49;136;102:*.diff=0;38;2;49;136;102:*.conf=0;38;2;237;147;102:*.xlsx=0;38;2;237;102;106:*.html=0;38;2;237;147;102:*.orig=0;38;2;170;170;170:*.mpeg=0;38;2;240;113;113:*.lisp=0;38;2;49;136;102:*.epub=0;38;2;237;102;106:*.pptx=0;38;2;237;102;106:*.json=0;38;2;237;147;102:*.toml=0;38;2;237;147;102:*.psd1=0;38;2;49;136;102:*.purs=0;38;2;49;136;102:*.rlib=0;38;2;170;170;170:*.h264=0;38;2;240;113;113:*.yaml=0;38;2;237;147;102:*.tbz2=4;38;2;134;179;0:*.flac=0;38;2;240;113;113:*.less=0;38;2;49;136;102:*.java=0;38;2;49;136;102:*.hgrc=0;38;2;154;232;69:*.dart=0;38;2;49;136;102:*.make=0;38;2;154;232;69:*.lock=0;38;2;170;170;170:*.docx=0;38;2;237;102;106:*.bash=0;38;2;49;136;102:*.fish=0;38;2;49;136;102:*.jpeg=0;38;2;240;113;113:*README=0;38;2;0;0;0;48;2;237;147;102:*passwd=0;38;2;237;147;102:*.toast=4;38;2;134;179;0:*.mdown=0;38;2;237;147;102:*.patch=0;38;2;49;136;102:*.ipynb=0;38;2;49;136;102:*.cabal=0;38;2;49;136;102:*.scala=0;38;2;49;136;102:*.xhtml=0;38;2;237;147;102:*.dyn_o=0;38;2;170;170;170:*.swift=0;38;2;49;136;102:*.cache=0;38;2;170;170;170:*shadow=0;38;2;237;147;102:*.cmake=0;38;2;154;232;69:*.shtml=0;38;2;237;147;102:*.class=0;38;2;170;170;170:*.dyn_hi=0;38;2;170;170;170:*.ignore=0;38;2;154;232;69:*COPYING=0;38;2;102;102;102:*.groovy=0;38;2;49;136;102:*LICENSE=0;38;2;102;102;102:*.config=0;38;2;237;147;102:*INSTALL=0;38;2;0;0;0;48;2;237;147;102:*.matlab=0;38;2;49;136;102:*.flake8=0;38;2;154;232;69:*TODO.md=1:*.gradle=0;38;2;49;136;102:*TODO.txt=1:*Doxyfile=0;38;2;154;232;69:*Makefile=0;38;2;154;232;69:*.desktop=0;38;2;237;147;102:*.gemspec=0;38;2;154;232;69:*setup.py=0;38;2;154;232;69:*.rgignore=0;38;2;154;232;69:*.markdown=0;38;2;237;147;102:*COPYRIGHT=0;38;2;102;102;102:*configure=0;38;2;154;232;69:*.cmake.in=0;38;2;154;232;69:*.fdignore=0;38;2;154;232;69:*.kdevelop=0;38;2;154;232;69:*README.md=0;38;2;0;0;0;48;2;237;147;102:*Dockerfile=0;38;2;237;147;102:*SConstruct=0;38;2;154;232;69:*.gitconfig=0;38;2;154;232;69:*.gitignore=0;38;2;154;232;69:*SConscript=0;38;2;154;232;69:*INSTALL.md=0;38;2;0;0;0;48;2;237;147;102:*.scons_opt=0;38;2;170;170;170:*CODEOWNERS=0;38;2;154;232;69:*README.txt=0;38;2;0;0;0;48;2;237;147;102:*MANIFEST.in=0;38;2;154;232;69:*LICENSE-MIT=0;38;2;102;102;102:*.gitmodules=0;38;2;154;232;69:*Makefile.am=0;38;2;154;232;69:*.synctex.gz=0;38;2;170;170;170:*Makefile.in=0;38;2;170;170;170:*.travis.yml=0;38;2;49;136;102:*appveyor.yml=0;38;2;49;136;102:*configure.ac=0;38;2;154;232;69:*.fdb_latexmk=0;38;2;170;170;170:*CONTRIBUTORS=0;38;2;0;0;0;48;2;237;147;102:*.applescript=0;38;2;49;136;102:*.clang-format=0;38;2;154;232;69:*INSTALL.md.txt=0;38;2;0;0;0;48;2;237;147;102:*CMakeLists.txt=0;38;2;154;232;69:*.gitattributes=0;38;2;154;232;69:*CMakeCache.txt=0;38;2;170;170;170:*LICENSE-APACHE=0;38;2;102;102;102:*CONTRIBUTORS.md=0;38;2;0;0;0;48;2;237;147;102:*.sconsign.dblite=0;38;2;170;170;170:*requirements.txt=0;38;2;154;232;69:*CONTRIBUTORS.txt=0;38;2;0;0;0;48;2;237;147;102:*package-lock.json=0;38;2;170;170;170'
